0113070299643701/12/2019     FA9,0024234,00000000001081,62003,00000000000032,4500
0112322892291901/12/2019     FA9,0024235,00000000001436,65003,00000000000043,1000
0112711894745801/12/2019     FA10,0024351,00000000003043,75003,00000000000091,3100
0113068113151102/12/2019     FA10,0024460,00000000005068,40003,00000000000152,0500
0112022342789902/12/2019     FA10,0024493,00000000000406,23003,00000000000012,1900
0113070299643702/12/2019     FA10,0024540,00000000000628,68003,00000000000018,8600
0112005954650402/12/2019     FA4,0042984,00000000001104,15003,00000000000033,1200
0113069050059702/12/2019     FA4,0042985,00000000002686,95003,00000000000080,6100
0112022697931002/12/2019     FA4,0042988,00000000001993,35003,00000000000059,8000
0113069050059702/12/2019     FA4,0042992,00000000003252,66003,00000000000097,5800
0112005954650402/12/2019     FA4,0042993,00000000002462,75003,00000000000073,8800
0112022342789903/12/2019     FA9,0024363,00000000000458,38003,00000000000013,7500
0113070299643703/12/2019     FA9,0024447,00000000000541,77003,00000000000016,2500
0113068113199603/12/2019     FA10,0024654,00000000001224,24003,00000000000036,7300
0112012756095203/12/2019     FA10,0024719,00000000001558,52003,00000000000046,7600
0113068113199603/12/2019     FA10,0024738,00000000003201,95003,00000000000096,0600
0113068113199603/12/2019     FA10,0024738,00000000003201,95003,00000000000096,0600
0113068113199603/12/2019     FA10,0024738,00000000003201,95003,00000000000096,0600
0113054607387003/12/2019     FA10,0024749,00000000009008,27003,00000000000270,2500
0113050591453403/12/2019     FA4,0042994,00000000004195,70003,00000000000125,8700
0112022697931003/12/2019     FA4,0042997,00000000008259,61003,00000000000247,7900
0112022697931003/12/2019     FA4,0042998,00000000004192,59003,00000000000125,7800
0112005954650403/12/2019     FA4,0043002,00000000002184,59003,00000000000065,5400
0113054307881204/12/2019     FA9,0024483,00000000011080,33003,00000000000332,4100
0112022342789904/12/2019     FA9,0024495,00000000000683,81003,00000000000020,5100
0112014367247704/12/2019     FA9,0024550,00000000001490,98003,00000000000044,7300
0112014367247704/12/2019     FA9,0024550,00000000001490,98003,00000000000044,7300
0113070755869104/12/2019     FA10,0024762,00000000000341,20003,00000000000010,2400
0113070755869104/12/2019     FA10,0024762,00000000000341,20003,00000000000010,2400
0113071458070804/12/2019     FA4,0043004,00000000004036,11003,00000000000121,0800
0112022697931004/12/2019     FA4,0043007,00000000006935,34003,00000000000208,0600
0113058974511204/12/2019     FB4,0043008,00000000008248,68003,00000000000247,4600
0113071458070804/12/2019     FA4,0043009,00000000002324,72003,00000000000069,7400
0112005954650404/12/2019     FA4,0043014,00000000002197,26003,00000000000065,9200
0112022342789905/12/2019     FA9,0024663,00000000000718,65003,00000000000021,5600
0112711894745805/12/2019     FA9,0024695,00000000002582,70003,00000000000077,4800
0113053934154105/12/2019     FA9,0024723,00000000000828,56003,00000000000024,8600
0113053001357605/12/2019     FA10,0024986,00000000001174,72003,00000000000035,2400
0113071458070805/12/2019     FA4,0043016,00000000001338,61003,00000000000040,1600
0112022697931005/12/2019     FA4,0043017,00000000004477,39003,00000000000134,3200
0113071650578905/12/2019     FA4,0043018,00000000002903,58003,00000000000087,1100
0113068113151105/12/2019     FB4,0043021,00000000008135,37003,00000000000244,0600
0113071015676606/12/2019     FA9,0024815,00000000003460,17003,00000000000103,8100
0112022342789906/12/2019     FA9,0024827,00000000000565,20003,00000000000016,9600
0112322892291906/12/2019     FA9,0024831,00000000002658,26003,00000000000079,7500
0112322892291906/12/2019     FA9,0024831,00000000002658,26003,00000000000079,7500
0113051439200106/12/2019     FA10,0025046,00000000001775,00003,00000000000053,2500
0113060494175606/12/2019     FA10,0025054,00000000004500,96003,00000000000135,0300
0112005954650406/12/2019     FA4,0043022,00000000003066,62003,00000000000092,0000
0113071458070806/12/2019     FA4,0043026,00000000001973,31003,00000000000059,2000
0112022697931006/12/2019     FA4,0043028,00000000007794,32003,00000000000233,8300
0112022697931006/12/2019     FA4,0043029,00000000002080,51003,00000000000062,4200
0113062332860706/12/2019     FB4,0043034,00000000006334,84003,00000000000190,0500
0113062332860706/12/2019     FB4,0043035,00000000006334,84003,00000000000190,0500
0112005954650406/12/2019     FA4,0043036,00000000001262,69003,00000000000037,8800
0112012756095207/12/2019     FA10,0025129,00000000002438,80003,00000000000073,1600
0113053934154107/12/2019     FA10,0025170,00000000000329,55003,00000000000009,8900
0112014367247707/12/2019     FA10,0025192,00000000000619,64003,00000000000018,5900
0113071181451107/12/2019     FA10,0025216,00000000008024,49003,00000000000240,7300
0113071458070807/12/2019     FA4,0043037,00000000004317,28003,00000000000129,5200
0113071650578907/12/2019     FA4,0043040,00000000004217,13003,00000000000126,5100
0112022697931007/12/2019     FA4,0043042,00000000002105,85003,00000000000063,1800
0112022697931007/12/2019     FA4,0043044,00000000006019,46003,00000000000180,5800
0113059595197207/12/2019     FA4,0043046,00000000005890,91003,00000000000176,7300
0113059595197207/12/2019     FA4,0043047,00000000005950,41003,00000000000178,5100
0113070299643708/12/2019     FA10,0025296,00000000000472,34003,00000000000014,1700
0112022342789908/12/2019     FA10,0025333,00000000000226,39003,00000000000006,7900
0112005954650408/12/2019     FA4,0043050,00000000001418,35003,00000000000042,5500
0113358642191909/12/2019     FB4,0043052,00000000005469,56003,00000000000164,0900
0112022697931009/12/2019     FA4,0043058,00000000006769,10003,00000000000203,0700
0112022697931009/12/2019     FA4,0043059,00000000004675,18003,00000000000140,2600
0112022697931009/12/2019     FA4,0043060,00000000001712,32003,00000000000051,3700
0113069050059709/12/2019     FA4,0043062,00000000006155,47003,00000000000184,6600
0113069050059709/12/2019     FA4,0043066,00000000002989,72003,00000000000089,6900
0112005954650409/12/2019     FA4,0043067,00000000001287,94003,00000000000038,6400
0112022342789910/12/2019     FA9,0025278,00000000000730,87003,00000000000021,9300
0112022342789910/12/2019     FA9,0025279,00000000000662,40003,00000000000019,8700
0113067121423010/12/2019     FA9,0025377,00000000003993,27003,00000000000119,8000
0113050591453410/12/2019     FA10,0025544,00000000000120,71003,00000000000003,6200
0112012756095210/12/2019     FA10,0025623,00000000001276,62003,00000000000038,3000
0113070299643710/12/2019     FA10,0025634,00000000001038,55003,00000000000031,1600
0113371216958910/12/2019     FA10,0025639,00000000002597,22003,00000000000077,9200
0113371216958910/12/2019     FA10,0025639,00000000002597,22003,00000000000077,9200
0113050591453410/12/2019     FA4,0043068,00000000005411,77003,00000000000162,3500
0113050591453410/12/2019     FA4,0043069,00000000005261,49003,00000000000157,8400
0113071650578910/12/2019     FA4,0043074,00000000001585,04003,00000000000047,5500
0112022697931010/12/2019     FA4,0043075,00000000005438,13003,00000000000163,1400
0112022697931010/12/2019     FA4,0043076,00000000002697,05003,00000000000080,9100
0112022697931010/12/2019     FA4,0043076,00000000002697,05003,00000000000080,9100
0112005954650410/12/2019     FA4,0043081,00000000004169,80003,00000000000125,0900
0112022342789911/12/2019     FA9,0025415,00000000000764,85003,00000000000022,9500
0113071458070811/12/2019     FA4,0043084,00000000002006,68003,00000000000060,2000
0113069050059711/12/2019     FA4,0043085,00000000003103,64003,00000000000093,1100
0112016608544712/12/2019     FA9,0025606,00000000005690,28003,00000000000170,7100
0113070755869112/12/2019     FA10,0025784,00000000000506,98003,00000000000015,2100
0113070299643712/12/2019     FA10,0025883,00000000000790,78003,00000000000023,7200
0113070299643712/12/2019     FA10,0025883,00000000000790,78003,00000000000023,7200
0112005954650412/12/2019     FA4,0043089,00000000003825,64003,00000000000114,7700
0113071458070812/12/2019     FA4,0043091,00000000003684,01003,00000000000110,5200
0113071458070812/12/2019     FA4,0043092,00000000002034,65003,00000000000061,0400
0113071458070812/12/2019     FA4,0043092,00000000002034,65003,00000000000061,0400
0112022697931012/12/2019     FA4,0043095,00000000006083,70003,00000000000182,5100
0112022697931012/12/2019     FA4,0043096,00000000002781,78003,00000000000083,4500
0113070702577412/12/2019     FA4,0043100,00000000003768,46003,00000000000113,0500
0113070702577412/12/2019     FA4,0043101,00000000000183,64003,00000000000005,5100
0112022342789913/12/2019     FA9,0025712,00000000000827,38003,00000000000024,8200
0112012756095213/12/2019     FA9,0025778,00000000001193,75003,00000000000035,8100
0113070888499113/12/2019     FA9,0025832,00000000000847,30003,00000000000025,4200
0113050591453413/12/2019     FA10,0025922,00000000002155,88003,00000000000064,6800
0113070957413913/12/2019     FA10,0025945,00000000004148,04003,00000000000124,4400
0113068113199613/12/2019     FA10,0025959,00000000000744,82003,00000000000022,3400
0113068113199613/12/2019     FA10,0025959,00000000000744,82003,00000000000022,3400
0113070863354913/12/2019     FA10,0026006,00000000002479,34003,00000000000074,3800
0113071458070813/12/2019     FA4,0043102,00000000001881,26003,00000000000056,4400
0113071458070813/12/2019     FA4,0043103,00000000001884,05003,00000000000056,5200
0113071236865513/12/2019     FB4,0043104,00000000002976,91003,00000000000089,3100
0113071458070813/12/2019     FA4,0043107,00000000001882,66003,00000000000056,4800
0113353718600913/12/2019     FA4,0043108,00000000005212,67003,00000000000156,3800
0113071650578913/12/2019     FA4,0043112,00000000002686,95003,00000000000080,6100
0112022697931013/12/2019     FA4,0043113,00000000001614,91003,00000000000048,4500
0112022697931013/12/2019     FA4,0043114,00000000008530,15003,00000000000255,9000
0112022697931013/12/2019     FA4,0043115,00000000002389,60003,00000000000071,6900
0113069050059713/12/2019     FA4,0043116,00000000006528,93003,00000000000195,8700
0113069050059713/12/2019     FA4,0043118,00000000007438,02003,00000000000223,1400
0113069050059713/12/2019     FA4,0043119,00000000006528,93003,00000000000195,8700
0113069050059713/12/2019     FA4,0043120,00000000006528,93003,00000000000195,8700
0112022342789914/12/2019     FA9,0025913,00000000000347,74003,00000000000010,4300
0113070756865414/12/2019     FA10,0026138,00000000001240,40003,00000000000037,2100
0113053001357614/12/2019     FA10,0026155,00000000001231,55003,00000000000036,9500
0113071458070814/12/2019     FA4,0043124,00000000000504,88003,00000000000015,1500
0113071458070814/12/2019     FA4,0043125,00000000003413,78003,00000000000102,4100
0113071458070814/12/2019     FA4,0043127,00000000001768,24003,00000000000053,0500
0113062332860714/12/2019     FB4,0043128,00000000003806,93003,00000000000114,2100
0113068106142414/12/2019     FB4,0043129,00000000004049,59003,00000000000121,4900
0113068106142414/12/2019     FB4,0043130,00000000005867,70003,00000000000176,0300
0112020882549714/12/2019     FB4,0043131,00000000008512,16003,00000000000255,3600
0113070836519614/12/2019     FB4,0043132,00000000007471,07003,00000000000224,1300
0113062332860714/12/2019     FB4,0043133,00000000008198,35003,00000000000245,9500
0113062332860714/12/2019     FB4,0043134,00000000009010,11003,00000000000270,3000
0113062332860714/12/2019     FB4,0043135,00000000004978,26003,00000000000149,3500
0113068106142414/12/2019     FB4,0043136,00000000008807,05003,00000000000264,2100
0113068106142414/12/2019     FB4,0043137,00000000008263,27003,00000000000247,9000
0113068106142414/12/2019     FB4,0043139,00000000008961,27003,00000000000268,8400
0113068106142414/12/2019     FB4,0043140,00000000003020,00003,00000000000090,6000
0112022697931014/12/2019     FA4,0043141,00000000003628,58003,00000000000108,8600
0113062332860714/12/2019     FB4,0043143,00000000007716,53003,00000000000231,5000
0113062332860714/12/2019     FB4,0043144,00000000008133,90003,00000000000244,0200
0113062332860714/12/2019     FB4,0043145,00000000008728,33003,00000000000261,8500
0113062332860714/12/2019     FB4,0043146,00000000007933,88003,00000000000238,0200
0113062332860714/12/2019     FB4,0043147,00000000008099,17003,00000000000242,9800
0113062332860714/12/2019     FB4,0043148,00000000005950,41003,00000000000178,5100
0113062332860714/12/2019     FB4,0043149,00000000005289,26003,00000000000158,6800
0112012756095215/12/2019     FA9,0026001,00000000002490,39003,00000000000074,7100
0113070299643715/12/2019     FA10,0026260,00000000001595,43003,00000000000047,8600
0112022342789915/12/2019     FA10,0026297,00000000000510,64003,00000000000015,3200
0112005954650415/12/2019     FA4,0043155,00000000001425,43003,00000000000042,7600
0113054584907716/12/2019     FA4,0043159,00000000006942,15003,00000000000208,2600
0113054584907716/12/2019     FA4,0043160,00000000005289,26003,00000000000158,6800
0112022697931016/12/2019     FA4,0043163,00000000008224,20003,00000000000246,7300
0112022697931016/12/2019     FA4,0043164,00000000002297,69003,00000000000068,9300
0113071650578916/12/2019     FA4,0043165,00000000006072,34003,00000000000182,1700
0113071030653916/12/2019     FB4,0043166,00000000006000,00003,00000000000180,0000
0113071030653916/12/2019     FB4,0043167,00000000006000,00003,00000000000180,0000
0113062332860716/12/2019     FB4,0043171,00000000008488,78003,00000000000254,6600
0113062332860716/12/2019     FB4,0043172,00000000007320,74003,00000000000219,6200
0112005954650416/12/2019     FA4,0043173,00000000000717,99003,00000000000021,5400
0112027466767317/12/2019     FA9,0026090,00000000003033,77003,00000000000091,0100
0113070299643717/12/2019     FA9,0026185,00000000000744,03003,00000000000022,3200
0113070299643717/12/2019     FA9,0026185,00000000000744,03003,00000000000022,3200
0113070299643717/12/2019     FA9,0026185,00000000000744,03003,00000000000022,3200
0113070755869117/12/2019     FA10,0026491,00000000000589,05003,00000000000017,6700
0112022342789917/12/2019     FA10,0026523,00000000000664,12003,00000000000019,9200
0112711894745817/12/2019     FA10,0026545,00000000002328,77003,00000000000069,8600
0113050001138217/12/2019     FA10,0026583,00000000001336,69003,00000000000040,1000
0113069050059717/12/2019     FA4,0043174,00000000007283,01003,00000000000218,4900
0113071458070817/12/2019     FA4,0043175,00000000002359,35003,00000000000070,7800
0113071458070817/12/2019     FA4,0043176,00000000002425,81003,00000000000072,7700
0113071115236517/12/2019     FA4,0043177,00000000003433,42003,00000000000103,0000
0112022697931017/12/2019     FA4,0043182,00000000005231,89003,00000000000156,9600
0113071650578917/12/2019     FA4,0043183,00000000008440,59003,00000000000253,2200
0113071650578917/12/2019     FA4,0043184,00000000007113,18003,00000000000213,4000
0113071650578917/12/2019     FA4,0043185,00000000005945,94003,00000000000178,3800
0113071650578917/12/2019     FA4,0043186,00000000008189,29003,00000000000245,6800
0112005954650417/12/2019     FA4,0043190,00000000001323,66003,00000000000039,7100
0113062332860717/12/2019     FB4,0043191,00000000007152,22003,00000000000214,5700
0112022342789918/12/2019     FA9,0026272,00000000000410,36003,00000000000012,3100
0113054603392518/12/2019     FA9,0026371,00000000002727,27003,00000000000081,8200
0113369052710918/12/2019     FA10,0026620,00000000005028,14003,00000000000150,8400
0113369052710918/12/2019     FA10,0026620,00000000005028,14003,00000000000150,8400
0112022697931018/12/2019     FA4,0043193,00000000006516,00003,00000000000195,4800
0112022697931018/12/2019     FA4,0043194,00000000005258,84003,00000000000157,7700
0112022697931018/12/2019     FA4,0043196,00000000003241,64003,00000000000097,2500
0112005954650418/12/2019     FA4,0043199,00000000002197,07003,00000000000065,9100
0113067968028119/12/2019     FA9,0026423,00000000023897,01003,00000000000716,9100
0113071615146419/12/2019     FA9,0026426,00000000006364,34003,00000000000190,9300
0113067968028119/12/2019     FA9,0026452,00000000009049,77003,00000000000271,4900
0112022342789919/12/2019     FA9,0026462,00000000000832,86003,00000000000024,9900
0112022342789919/12/2019     FA9,0026462,00000000000832,86003,00000000000024,9900
0113068113151119/12/2019     FA10,0026723,00000000007248,14003,00000000000217,4400
0113053934154119/12/2019     FA10,0026825,00000000001106,01003,00000000000033,1800
0113051698467419/12/2019     FA10,0026830,00000000003740,97003,00000000000112,2300
0113070299643719/12/2019     FA10,0026837,00000000000626,90003,00000000000018,8100
0113053001357619/12/2019     FA10,0026838,00000000001020,85003,00000000000030,6300
0113071458070819/12/2019     FA4,0043201,00000000002098,26003,00000000000062,9500
0112022342789920/12/2019     FA9,0026597,00000000001127,92003,00000000000033,8400
0113053934154120/12/2019     FA9,0026632,00000000001817,31003,00000000000054,5200
0113054603392520/12/2019     FA9,0026651,00000000008780,92003,00000000000263,4300
0113054603392520/12/2019     FA9,0026652,00000000000199,16003,00000000000005,9700
0113071138279420/12/2019     FA9,0026680,00000000006120,53003,00000000000183,6200
0113071494750420/12/2019     FA10,0026960,00000000003995,75003,00000000000119,8700
0112029024713720/12/2019     FA10,0026970,00000000004078,11003,00000000000122,3400
0112005954650420/12/2019     FA4,0043210,00000000001326,41003,00000000000039,7900
0112022697931020/12/2019     FA4,0043211,00000000008308,16003,00000000000249,2400
0112022697931020/12/2019     FA4,0043212,00000000006572,94003,00000000000197,1900
0113067775026620/12/2019     FA4,0043213,00000000003143,80003,00000000000094,3100
0113067775026620/12/2019     FA4,0043214,00000000005588,43003,00000000000167,6500
0112022697931020/12/2019     FA4,0043216,00000000002105,58003,00000000000063,1700
0112022697931020/12/2019     FA4,0043216,00000000002105,58003,00000000000063,1700
0112005954650420/12/2019     FA4,0043220,00000000003015,45003,00000000000090,4600
0112305941974921/12/2019     FA9,0026812,00000000003195,12003,00000000000095,8500
0113050591453421/12/2019     FA10,0027041,00000000000992,03003,00000000000029,7600
0112012756095221/12/2019     FA10,0027100,00000000002645,55003,00000000000079,3700
0112012756095221/12/2019     FA10,0027100,00000000002645,55003,00000000000079,3700
0113054307881221/12/2019     FA10,0027134,00000000003834,05003,00000000000115,0200
0113071111290821/12/2019     FA10,0027158,00000000002708,13003,00000000000081,2400
0112022342789921/12/2019     FA10,0027214,00000000000994,47003,00000000000029,8300
0113050591453421/12/2019     FA4,0043222,00000000006946,43003,00000000000208,3900
0113050591453421/12/2019     FA4,0043223,00000000002161,42003,00000000000064,8400
0112022697931021/12/2019     FA4,0043225,00000000008796,47003,00000000000263,8900
0112022697931021/12/2019     FA4,0043226,00000000007067,01003,00000000000212,0100
0112022697931021/12/2019     FA4,0043227,00000000004268,23003,00000000000128,0500
0113071458070821/12/2019     FA4,0043229,00000000000671,37003,00000000000020,1400
0112022697931021/12/2019     FA4,0043230,00000000004409,13003,00000000000132,2700
0113071181451122/12/2019     FA9,0026905,00000000003964,83003,00000000000118,9400
0112022342789922/12/2019     FA10,0027275,00000000000513,81003,00000000000015,4100
0112022697931022/12/2019     FA4,0043235,00000000005909,52003,00000000000177,2900
0112022697931022/12/2019     FA4,0043236,00000000002377,97003,00000000000071,3400
0112022342789923/12/2019     FA9,0027057,00000000000611,89003,00000000000018,3600
0112027346438823/12/2019     FA9,0027107,00000000007873,55003,00000000000236,2100
0113070953352123/12/2019     FA9,0027129,00000000001628,24003,00000000000048,8500
0113051306621623/12/2019     FA9,0027169,00000000000983,01003,00000000000029,4900
0113058963135423/12/2019     FA10,0027488,00000000002288,69003,00000000000068,6600
0112005954650423/12/2019     FA4,0043240,00000000004066,06003,00000000000121,9800
0113071650578923/12/2019     FA4,0043248,00000000002958,01003,00000000000088,7400
0112005954650423/12/2019     FA4,0043260,00000000001258,12003,00000000000037,7400
0113069050059723/12/2019     FA4,0043261,00000000006647,47003,00000000000199,4200
0112022342789924/12/2019     FA9,0027405,00000000002661,85003,00000000000079,8600
0112020189217224/12/2019     FA9,0027437,00000000000000,00003,00000000000000,0000
0112020189217224/12/2019     FA9,0027438,00000000002147,67003,00000000000064,4300
0112022342789924/12/2019     FA9,0027444,00000000000416,46003,00000000000012,4900
0113070756865424/12/2019     FA10,0027664,00000000002543,00003,00000000000076,2900
0113071170140724/12/2019     FA10,0027677,00000000000893,93003,00000000000026,8200
0113050591453424/12/2019     FA4,0043281,00000000005004,13003,00000000000150,1200
0112029024713724/12/2019     FA4,0043284,00000000007517,35003,00000000000225,5200
0112029024713724/12/2019     FA4,0043285,00000000007517,35003,00000000000225,5200
0113071458070824/12/2019     FA4,0043295,00000000002124,55003,00000000000063,7400
0113070794486924/12/2019     FB4,0043304,00000000002727,27003,00000000000081,8200
0113070794486925/12/2019     FB4,0043314,00000000002636,36003,00000000000079,0900
0112022342789926/12/2019     FA9,0027530,00000000000843,09003,00000000000025,2900
0113070299643726/12/2019     FA9,0027603,00000000000584,66003,00000000000017,5400
0112016608544726/12/2019     FA10,0027801,00000000006919,07003,00000000000207,5700
0113066187671526/12/2019     FA10,0027828,00000000002727,27003,00000000000081,8200
0113053934154126/12/2019     FA10,0027851,00000000000490,61003,00000000000014,7200
0113070888499126/12/2019     FA10,0027877,00000000002432,26003,00000000000072,9700
0112005954650426/12/2019     FA4,0043315,00000000001352,17003,00000000000040,5700
0112022697931026/12/2019     FA4,0043320,00000000005674,20003,00000000000170,2300
0112022697931026/12/2019     FA4,0043321,00000000002726,38003,00000000000081,7900
0113071030653927/12/2019     FA9,0027772,00000000010300,03003,00000000000309,0000
0112017277982527/12/2019     FA9,0027774,00000000011318,18003,00000000000339,5500
0112017277982527/12/2019     FA9,0027775,00-00000011107,44003,00-00000000333,2200
0112017277982527/12/2019     FA9,0027776,00-00000011318,18003,00-00000000339,5500
0112022342789927/12/2019     FA10,0027918,00000000000895,51003,00000000000026,8700
0113071181451127/12/2019     FA10,0027935,00000000004975,26003,00000000000149,2600
0113067775026627/12/2019     FA10,0027947,00000000006555,37003,00000000000196,6600
0113067775026627/12/2019     FA10,0027947,00000000006555,37003,00000000000196,6600
0113067775026627/12/2019     FA10,0027947,00000000006555,37003,00000000000196,6600
0113071458070827/12/2019     FA4,0043331,00000000004123,61003,00000000000123,7100
0113069050059727/12/2019     FA4,0043332,00000000004295,11003,00000000000128,8500
0113071234072628/12/2019     FA9,0027809,00000000003900,40003,00000000000117,0100
0112022342789928/12/2019     FA9,0027861,00000000000437,41003,00000000000013,1200
0113071047426128/12/2019     FA9,0027866,00000000003045,82003,00000000000091,3700
0112717277776228/12/2019     FA9,0027918,00000000002777,04003,00000000000083,3100
0113071030653928/12/2019     FA9,0027919,00000000012000,04003,00000000000360,0000
0112711894745828/12/2019     FA10,0028080,00000000002688,18003,00000000000080,6500
0113071458070828/12/2019     FA4,0043339,00000000002426,04003,00000000000072,7800
0113050591453428/12/2019     FA4,0043340,00000000003380,63003,00000000000101,4200
0112017277982528/12/2019     FA4,0043344,00000000007867,77003,00000000000236,0300
0112022342789929/12/2019     FA9,0028037,00000000000240,75003,00000000000007,2200
0112035441241229/12/2019     FA10,0028214,00000000011570,25003,00000000000347,1100
0113071458070829/12/2019     FA4,0043345,00000000002196,87003,00000000000065,9100
0113071458070829/12/2019     FA4,0043346,00000000002196,87003,00000000000065,9100
0112022342789930/12/2019     FA9,0028124,00000000001415,21003,00000000000042,4600
0112022342789930/12/2019     FA9,0028253,00000000000617,54003,00000000000018,5300
0112022342789930/12/2019     FA9,0028253,00000000000617,54003,00000000000018,5300
0113068113199630/12/2019     FA10,0028421,00000000001738,82003,00000000000052,1600
0112012756095230/12/2019     FA10,0028452,00000000003493,60003,00000000000104,8100
0112017487859631/12/2019     FA9,0028430,00000000002727,27003,00000000000081,8200
0113070756865431/12/2019     FA9,0028443,00000000002267,96003,00000000000068,0400
0112008006092131/12/2019     FA9,0028458,00000000001301,96003,00000000000039,0600
